0.035655614652627586   2.4102939327824795
0.04679150827092005   2.4609464143862683
0.05976716938363955   2.46351631972696
0.07565218145357817   2.4659935797909833
0.09663487458446243   2.4564792689644164
0.12232337172219934   2.4469070751774584
0.1520704478610957   2.4133706354479054
0.18903691872010844   2.403780572084624
0.23077644103151856   2.3823190088959363
0.28431957790570545   2.338070221347098
0.3471110152839983   2.305847181218596
0.42762875594776345   2.2741561452962853
0.5173785800445504   2.231743806076595
0.620364144160462   2.1686394726293075
0.7437629958548398   2.1385861617525532
0.8917420258031066   2.0986210353247006
1.204092311862543   1.8135281499842348
1.3919800339534787   1.8235809213083536
1.5947878913919529   1.815702706921807
1.930020807289173   1.7216462731891509
2.2520229893186787   1.6810038436160375
2.8015192026326208   1.5252082165966305
3.299326153965271   1.4531487793284859
3.8851387258783006   1.405035833031535
4.789502883012944   1.2747676733179214
5.745086431410519   1.179377440636851
7.018759926357119   1.064749744911034
7.971274095922046   1.019279901949688
9.302629508101598   0.9758650005772548
10.858865081530205   0.9071796014517803
13.14450478948541   0.8352177485377633
14.525590730019376   0.8153118676698297
16.955574746843244   0.7579268594878448
19.43271739098391   0.7220343812542784
22.478916362782375   0.671188680425399
26.001620760048343   0.6269941570459087
30.353774877480724   0.5771687097193594
34.792376394121305   0.5417974851004165
39.88003007982638   0.508593951678129
45.71694765947451   0.47044518051793827
52.40209025002809   0.4416144038822988
60.069438408211774   0.41050002440435734
68.23727212529536   0.3815630890503109
77.51271588167103   0.35641145148997355
88.05577172002305   0.3296648879962002
100.02512999849628   0.3079342436618989
112.59615123610608   0.28762490753948217
