0.03433631736560572   1.708338838805139
0.04639697742384231   1.5648518888753133
0.05718795212798719   1.608399585163872
0.07247630165342538   1.5510359570957093
0.09183928845364608   1.5216414861894165
0.11854060293432996   1.4495283323913348
0.1516365224440824   1.3606178630309964
0.19218548208148867   1.302464339911757
0.23698958814373383   1.2652219361594874
0.3003976928032851   1.1934381198328894
0.3671302745380874   1.1367467170071512
0.46748986974739204   1.0696335951961065
0.5846601312353208   0.9820389311503614
0.7550247993627822   0.8776573416900341
0.9060022009990047   0.8483370189268015
1.1175866599223656   0.7903981739758296
1.4041789098394961   0.7185872242987555
1.7807052233969871   0.6390381141557863
2.1667400342796554   0.5968397089421204
2.685307396221793   0.5466091186146033
3.31313145037869   0.49570979523038283
4.087423298730342   0.4539859885660255
4.996985193583166   0.41576599935993247
6.1378830320456075   0.37244743229689775
7.6081953623833725   0.33364869151823495
9.301945964714566   0.30257401402666
11.477628969586739   0.27171770300928194
14.425133156974216   0.2381004939184009
17.638536671901022   0.21276785553772612
21.764955146043157   0.19013416597266147
26.37281103650523   0.1694850424466856
32.24835545275455   0.15108140551943947
39.25463083464282   0.13434464576962177
47.13704181477053   0.11887346094523464
56.860411945885886   0.10518496470249196
