0.0459082112976982   2.7684683967390997
0.048836371590614915   3.403347701198176
0.08188969345102344   3.3281480383939126
0.07219087906468369   2.9858009912759176
0.14775625473564144   2.9511464811619246
0.13267534608405687   2.55833665483241
0.17792420637784645   2.9680215697267394
0.21422681712203995   3.0292820602462536
0.2787799135353685   2.8451748206311334
0.34030845871292503   2.847595520046504
0.4042561109343439   2.8637124317895903
0.5118977789271041   2.729258409197036
0.6250702326679285   2.626376627878543
0.7597675993302143   2.546004374241496
0.9151221271780667   2.480142429457013
1.1023069018269427   2.3982580562416635
1.3584239801865758   2.274200101383294
1.6514401496599875   2.1564344164948492
2.0076219905522206   2.0497924858226413
2.4859976484924404   1.8781322989754152
2.9009264949757885   1.8203410979029444
3.542686005858471   1.7261111122017996
4.288372018808393   1.5891876697316065
5.143375315514997   1.4920842118697966
6.225984111719063   1.3737249096786215
7.604507609322225   1.2772833448457526
9.204794607183974   1.1817505473808618
11.041513917223163   1.090640257865219
13.611968227693973   0.9870953442226849
16.329670424504535   0.8998798024825384
19.768366684228994   0.8204019680650529
23.93025731180497   0.7516246373349292
28.578236339480835   0.6852010407368637
34.753394474228465   0.6246958161892082
41.69209539751413   0.5695003537137479
49.56479794136218   0.5191616578366798
58.39010997284923   0.47558325965661136
69.41589226889153   0.43354598800969635
81.03786447853949   0.39713881161584447
96.33276556123634   0.3656075819127551
111.44213964706891   0.33654077454511727

